[
   {
      "file": "a280.tsp",
      "function": "KR-200",
      "time": -0.09402108192443848,
      "soultion": 32154,
      "permutation": "[280  87  17 162 187  10  20  78 208 182 201 254   7  81 115 279 118  92\n 141  51 156  22 258 119 153 215 170 180 151  18 164  72 143 246  73 109\n  25 257 203 233 105 196 245  15 212 214 259 206 213 171  94 157 179 132\n 128  56  23   1 147 184 100  49  38 253  11 236 116  77 102  67  28 169\n 117 232 242 227 121 168 145 152 175 124  71  45  55 210 267  37 106  53\n 192  41  80 219 243  47  70  12 271 248 272 268  69 183 264  42  85  64\n 142 146 247  93 269   3 149 176 186 273   9  76 237 222 140  24 107 101\n  19 163 199 204   2 131  68 188 130 205 207  90 123 275 166  63 112  43\n  35 234 197 229 265   4  88 189   5  98  60 231 126 110 181 193 191 240\n 226 202 165 174 270  79   6 262  91 225  99 139 266  13  62 263  61 120\n  46 255 135 150  33 159 200 127  26 122 133  14 252 167 218  16  32  83\n 224 239  48  30  21  50  44 235 249  52  84  89 138 198 173 241 129  74\n 216 261  86  34  54 221 160  75 177  95 256 244  82 111  36 220 228  40\n 161 277 158 178 148 238 125 250 217  29 190  31 104 113 144 154 251 209\n 136  58  97  65  59 103 223  39 114 185 134 211 194 155  57 276 278 108\n 172 195 137  96  27 230 260  66   8 274]",
      "optimal_soultion": "none"
   },
   {
      "file": "a280.tsp",
      "function": "NN-1",
      "time": -0.03412914276123047,
      "soultion": 3252,
      "permutation": "[1, 280, 2, 3, 279, 278, 4, 277, 276, 275, 274, 273, 272, 271, 16, 17, 18, 19, 20, 21, 128, 127, 126, 125, 30, 31, 32, 29, 28, 27, 26, 22, 25, 23, 24, 14, 13, 12, 11, 10, 8, 7, 9, 6, 5, 260, 259, 258, 257, 254, 253, 208, 207, 210, 209, 252, 255, 256, 249, 248, 247, 244, 241, 240, 239, 238, 231, 232, 233, 234, 235, 236, 237, 246, 245, 243, 242, 250, 251, 230, 229, 228, 227, 226, 225, 224, 223, 222, 219, 218, 215, 214, 211, 212, 213, 216, 217, 220, 221, 203, 202, 200, 144, 143, 142, 141, 140, 139, 138, 137, 136, 135, 134, 270, 269, 268, 267, 266, 265, 264, 263, 262, 261, 15, 133, 132, 131, 130, 129, 154, 155, 153, 156, 152, 151, 177, 176, 181, 180, 179, 178, 150, 149, 148, 147, 146, 145, 199, 198, 197, 194, 195, 196, 201, 193, 192, 191, 190, 189, 188, 187, 185, 184, 183, 182, 161, 162, 163, 164, 165, 166, 167, 168, 169, 101, 100, 99, 98, 93, 94, 95, 96, 97, 92, 91, 90, 89, 81, 80, 79, 76, 75, 74, 73, 72, 71, 70, 67, 66, 65, 64, 63, 62, 118, 61, 60, 43, 42, 41, 40, 39, 38, 37, 36, 35, 34, 33, 124, 123, 122, 121, 120, 119, 157, 158, 159, 160, 175, 174, 173, 106, 105, 104, 103, 102, 170, 171, 186, 172, 107, 108, 109, 110, 111, 112, 88, 83, 82, 84, 85, 86, 116, 115, 114, 113, 87, 117, 59, 44, 45, 46, 47, 48, 49, 50, 51, 52, 53, 54, 55, 56, 57, 58, 68, 69, 77, 78, 204, 205, 206]",
      "optimal_soultion": "none"
   },
   {
      "file": "a280.tsp",
      "function": "ENN",
      "time": -10.497672319412231,
      "soultion": 3008,
      "permutation": "[185, 184, 183, 182, 181, 176, 177, 151, 152, 156, 153, 155, 154, 129, 128, 21, 20, 19, 18, 17, 133, 132, 131, 130, 127, 126, 125, 30, 31, 32, 29, 28, 27, 26, 22, 25, 23, 24, 14, 13, 12, 11, 10, 8, 7, 9, 275, 274, 273, 272, 271, 16, 15, 270, 134, 135, 136, 137, 138, 139, 140, 141, 142, 143, 144, 145, 146, 147, 148, 149, 150, 178, 179, 180, 160, 159, 158, 157, 119, 120, 121, 122, 123, 124, 33, 34, 35, 36, 37, 38, 39, 40, 41, 42, 43, 60, 61, 118, 62, 63, 64, 65, 66, 67, 70, 71, 72, 73, 74, 75, 76, 77, 78, 79, 80, 81, 82, 83, 84, 85, 86, 116, 115, 114, 111, 110, 108, 104, 103, 102, 101, 100, 99, 98, 93, 94, 95, 96, 97, 92, 91, 90, 89, 109, 112, 88, 87, 113, 117, 59, 44, 45, 46, 47, 48, 49, 50, 51, 52, 53, 54, 55, 56, 57, 58, 68, 69, 105, 106, 107, 173, 174, 161, 162, 163, 164, 165, 166, 167, 168, 169, 170, 171, 175, 172, 188, 189, 190, 191, 192, 194, 195, 196, 197, 198, 199, 200, 201, 202, 203, 204, 205, 206, 207, 208, 209, 210, 211, 212, 213, 214, 215, 216, 217, 218, 219, 220, 221, 222, 223, 224, 225, 226, 227, 228, 229, 230, 251, 250, 247, 244, 241, 240, 239, 238, 231, 232, 233, 234, 235, 236, 237, 246, 245, 243, 242, 2, 280, 3, 279, 278, 4, 277, 276, 6, 5, 1, 248, 249, 256, 255, 252, 253, 254, 257, 258, 259, 260, 261, 262, 263, 264, 265, 266, 267, 268, 269, 193, 186, 187]",
      "optimal_soultion": "none"
   },
   {
      "file": "a280.tsp",
      "function": "OPT2",
      "time": -246.56537318229675,
      "soultion": 2747,
      "permutation": "[2, 1, 3, 4, 5, 6, 7, 8, 9, 10, 11, 12, 13, 14, 15, 16, 17, 18, 24, 23, 25, 22, 26, 27, 28, 29, 30, 31, 32, 33, 34, 35, 36, 37, 38, 39, 40, 41, 42, 43, 44, 45, 46, 47, 48, 49, 50, 51, 52, 53, 54, 55, 56, 57, 58, 59, 60, 61, 62, 63, 64, 65, 66, 67, 68, 69, 70, 71, 72, 73, 74, 75, 76, 77, 78, 79, 80, 81, 82, 83, 84, 85, 86, 87, 88, 89, 90, 91, 92, 93, 94, 95, 96, 97, 98, 99, 100, 101, 102, 103, 104, 105, 106, 107, 108, 109, 110, 111, 112, 113, 114, 115, 116, 117, 118, 120, 119, 157, 158, 159, 160, 174, 173, 172, 171, 170, 169, 168, 167, 166, 165, 164, 163, 162, 161, 175, 176, 177, 178, 151, 152, 156, 153, 155, 154, 121, 122, 123, 124, 125, 126, 127, 128, 129, 130, 131, 21, 20, 19, 132, 133, 134, 135, 136, 137, 138, 139, 140, 141, 142, 143, 144, 145, 146, 147, 148, 149, 150, 179, 180, 181, 182, 183, 184, 185, 186, 187, 188, 189, 190, 191, 192, 193, 194, 195, 196, 197, 198, 199, 200, 201, 202, 203, 204, 205, 206, 207, 208, 209, 210, 211, 212, 213, 214, 215, 216, 217, 218, 219, 220, 221, 222, 223, 224, 225, 226, 227, 228, 229, 230, 231, 232, 233, 234, 235, 236, 237, 238, 239, 240, 241, 242, 243, 244, 245, 246, 247, 248, 249, 250, 251, 252, 253, 254, 255, 256, 257, 258, 259, 260, 261, 262, 263, 264, 265, 266, 267, 268, 269, 270, 271, 272, 273, 274, 275, 276, 277, 278, 279, 280]",
      "optimal_soultion": "none"
   }
]